[gd_scene load_steps=38 format=3 uid="uid://chpaih64nsj73"]

[ext_resource type="Texture2D" uid="uid://dok0k5jjc0q0b" path="res://Painterly Sky BGs (151).png" id="1_ftywk"]
[ext_resource type="PackedScene" uid="uid://ddn1d8fr8h6ps" path="res://models/gnome/player_v2_blue.gltf" id="2_qmmmc"]
[ext_resource type="Script" uid="uid://dt3okoa4cn4mr" path="res://scripts/player_drop_in_manager.gd" id="3_ng2wx"]
[ext_resource type="PackedScene" uid="uid://dkupiyycodnpd" path="res://models/gnome/player_v2_purple.gltf" id="3_q70mm"]
[ext_resource type="PackedScene" uid="uid://c487cjdtsi002" path="res://models/gnome/player_v2_red.gltf" id="4_mj7ku"]
[ext_resource type="PackedScene" uid="uid://fghij55uwpwm" path="res://models/gnome/player_v2_yellow.gltf" id="5_r7t2y"]
[ext_resource type="AudioStream" uid="uid://cd37qbkju0h1b" path="res://sounds/laugh 1.wav" id="7_uug8p"]
[ext_resource type="AudioStream" uid="uid://ci3a8appd47ui" path="res://sounds/laugh 2.wav" id="8_vwqo6"]
[ext_resource type="AudioStream" uid="uid://bmkixsbkshfif" path="res://sounds/laugh 3.wav" id="9_xsajp"]
[ext_resource type="AudioStream" uid="uid://ckf01aja76pd2" path="res://sounds/laugh 7.mp3" id="10_n1qbv"]
[ext_resource type="PackedScene" uid="uid://d08vg1gg5md2m" path="res://NewMap/floorPlane.glb" id="10_vwqo6"]
[ext_resource type="Texture2D" uid="uid://c1g4b36gd66yt" path="res://UI/Ps4_Xbox_Controller_Buttons_v1.0/Spritesheet/xboxIconsBig.png" id="11_vwqo6"]
[ext_resource type="PackedScene" uid="uid://dl5cxytbdj1iq" path="res://models/Tiny_Treats_Homely_House_1.0_FREE/Assets/gltf/house.gltf" id="12_uxs3u"]
[ext_resource type="PackedScene" uid="uid://bgvlxpihgflav" path="res://models/Tiny_Treats_Homely_House_1.0_FREE/Assets/gltf/tree.gltf" id="13_u3wy4"]
[ext_resource type="PackedScene" uid="uid://dhqq2lld05g8o" path="res://models/Tiny_Treats_Homely_House_1.0_FREE/Assets/gltf/tree_large.gltf" id="14_4s8ni"]
[ext_resource type="PackedScene" uid="uid://d0o8nwsisqs1w" path="res://models/Tiny_Treats_Homely_House_1.0_FREE/Assets/gltf/mailbox.gltf" id="15_mv1j4"]
[ext_resource type="PackedScene" uid="uid://dsr2gfq3dtc0f" path="res://models/Tiny_Treats_Homely_House_1.0_FREE/Assets/gltf/doormat.gltf" id="16_afpqi"]
[ext_resource type="PackedScene" uid="uid://dj2k5fo5cov04" path="res://models/Tiny_Treats_Homely_House_1.0_FREE/Assets/gltf/bench_A.gltf" id="17_ftywk"]
[ext_resource type="PackedScene" uid="uid://dvctkxhnhhler" path="res://models/Tiny_Treats_Homely_House_1.0_FREE/Assets/gltf/cobblestones.gltf" id="18_mv1j4"]
[ext_resource type="PackedScene" uid="uid://bqb0qd16w6ag5" path="res://models/Tiny_Treats_Homely_House_1.0_FREE/Assets/gltf/foliage_A.gltf" id="19_afpqi"]
[ext_resource type="PackedScene" uid="uid://dsaidte8i2x58" path="res://models/Tiny_Treats_Homely_House_1.0_FREE/Assets/gltf/foliage_B.gltf" id="20_ftywk"]
[ext_resource type="PackedScene" uid="uid://dp8gw8g6445qh" path="res://models/Tiny_Treats_Homely_House_1.0_FREE/Assets/gltf/boots.gltf" id="21_afpqi"]

[sub_resource type="PanoramaSkyMaterial" id="PanoramaSkyMaterial_3s4qf"]
panorama = ExtResource("1_ftywk")

[sub_resource type="Sky" id="Sky_uug8p"]
sky_material = SubResource("PanoramaSkyMaterial_3s4qf")

[sub_resource type="Environment" id="Environment_scr03"]
background_mode = 2
sky = SubResource("Sky_uug8p")
tonemap_mode = 2
glow_enabled = true

[sub_resource type="CapsuleShape3D" id="CapsuleShape3D_ng2wx"]
radius = 1.0
height = 3.39563

[sub_resource type="ViewportTexture" id="ViewportTexture_62t3n"]
viewport_path = NodePath("PhysicsP1/Player1Info/SubViewport")

[sub_resource type="ViewportTexture" id="ViewportTexture_oynvy"]
viewport_path = NodePath("PhysicsP2/Player2Info/SubViewport")

[sub_resource type="ViewportTexture" id="ViewportTexture_ng2wx"]
viewport_path = NodePath("PhysicsP3/Player3Info/SubViewport")

[sub_resource type="ViewportTexture" id="ViewportTexture_5xsys"]
viewport_path = NodePath("PhysicsP4/Player4Info/SubViewport")

[sub_resource type="AudioStreamRandomizer" id="AudioStreamRandomizer_revcj"]
streams_count = 4
stream_0/stream = ExtResource("7_uug8p")
stream_1/stream = ExtResource("8_vwqo6")
stream_2/stream = ExtResource("9_xsajp")
stream_3/stream = ExtResource("10_n1qbv")

[sub_resource type="BoxShape3D" id="BoxShape3D_xsajp"]
size = Vector3(67.2039, 1, 60.7028)

[sub_resource type="AtlasTexture" id="AtlasTexture_xsajp"]
atlas = ExtResource("11_vwqo6")
region = Rect2(168, 808, 136, 152)

[sub_resource type="AtlasTexture" id="AtlasTexture_n1qbv"]
atlas = ExtResource("11_vwqo6")
region = Rect2(328, 808, 136, 152)

[sub_resource type="AtlasTexture" id="AtlasTexture_revcj"]
atlas = ExtResource("11_vwqo6")
region = Rect2(648, 488, 144, 144)

[sub_resource type="AtlasTexture" id="AtlasTexture_vwqo6"]
atlas = ExtResource("11_vwqo6")
region = Rect2(488, 488, 144, 144)

[sub_resource type="AtlasTexture" id="AtlasTexture_s6qpm"]
atlas = ExtResource("11_vwqo6")
region = Rect2(1120, 336, 152, 120)

[node name="Lobby" type="Node3D"]

[node name="WorldEnvironment" type="WorldEnvironment" parent="."]
environment = SubResource("Environment_scr03")

[node name="DirectionalLight3D" type="DirectionalLight3D" parent="."]
transform = Transform3D(-0.866023, -0.433016, 0.250001, 0, 0.499998, 0.866027, -0.500003, 0.749999, -0.43301, 0, 0, 0)
shadow_enabled = true

[node name="PhysicsP1" type="RigidBody3D" parent="."]
unique_name_in_owner = true
transform = Transform3D(-0.707107, 0, -0.707107, 0, 1, 0, 0.707107, 0, -0.707107, -5, 11, 2)
axis_lock_linear_x = true
axis_lock_linear_z = true
gravity_scale = 2.0
can_sleep = false
freeze = true

[node name="CollisionShape3D" type="CollisionShape3D" parent="PhysicsP1"]
transform = Transform3D(1, 0, 0, 0, 1, 0, 0, 0, 1, 0, 1.73626, 0)
shape = SubResource("CapsuleShape3D_ng2wx")

[node name="Player1Info" type="Sprite3D" parent="PhysicsP1"]
transform = Transform3D(-0.707107, 0, 0.707107, 0, 1, 0, -0.707107, 0, -0.707107, 0, 3, 0)
billboard = 1
texture = SubResource("ViewportTexture_62t3n")

[node name="SubViewport" type="SubViewport" parent="PhysicsP1/Player1Info"]
transparent_bg = true
size = Vector2i(500, 500)

[node name="PlayerNum" type="RichTextLabel" parent="PhysicsP1/Player1Info/SubViewport"]
anchors_preset = 5
anchor_left = 0.5
anchor_right = 0.5
offset_left = -113.58
offset_right = -41.86
offset_bottom = 40.0
grow_horizontal = 2
scale = Vector2(3.13, 3.13)
text = "Player 1"
horizontal_alignment = 1

[node name="ReadyP1" type="RichTextLabel" parent="PhysicsP1/Player1Info/SubViewport"]
unique_name_in_owner = true
anchors_preset = 5
anchor_left = 0.5
anchor_right = 0.5
offset_left = -132.227
offset_top = 130.595
offset_right = -41.882
offset_bottom = 170.595
grow_horizontal = 2
scale = Vector2(3.13, 3.13)
text = "Not Ready"
horizontal_alignment = 1

[node name="blockbench_export" parent="PhysicsP1" instance=ExtResource("2_qmmmc")]

[node name="PhysicsP2" type="RigidBody3D" parent="."]
unique_name_in_owner = true
transform = Transform3D(-0.866026, 0, -0.5, 0, 1, 0, 0.5, 0, -0.866026, -2, 11, 1)
axis_lock_linear_x = true
axis_lock_linear_z = true
gravity_scale = 2.0
can_sleep = false
freeze = true

[node name="Player2Info" type="Sprite3D" parent="PhysicsP2"]
transform = Transform3D(-0.866026, 0, 0.5, 0, 1, 0, -0.5, 0, -0.866026, 0, 3, 0)
billboard = 1
texture = SubResource("ViewportTexture_oynvy")

[node name="SubViewport" type="SubViewport" parent="PhysicsP2/Player2Info"]
transparent_bg = true
size = Vector2i(500, 500)

[node name="PlayerNum" type="RichTextLabel" parent="PhysicsP2/Player2Info/SubViewport"]
anchors_preset = 5
anchor_left = 0.5
anchor_right = 0.5
offset_left = -113.58
offset_right = -41.86
offset_bottom = 40.0
grow_horizontal = 2
scale = Vector2(3.13, 3.13)
text = "Player 2"
horizontal_alignment = 1

[node name="ReadyP2" type="RichTextLabel" parent="PhysicsP2/Player2Info/SubViewport"]
unique_name_in_owner = true
anchors_preset = 5
anchor_left = 0.5
anchor_right = 0.5
offset_left = -132.227
offset_top = 130.595
offset_right = -41.882
offset_bottom = 170.595
grow_horizontal = 2
scale = Vector2(3.13, 3.13)
text = "Not Ready"
horizontal_alignment = 1

[node name="CollisionShape3D" type="CollisionShape3D" parent="PhysicsP2"]
transform = Transform3D(1, 0, 0, 0, 1, 0, 0, 0, 1, 0, 1.73626, 0)
shape = SubResource("CapsuleShape3D_ng2wx")

[node name="blockbench_export" parent="PhysicsP2" instance=ExtResource("3_q70mm")]

[node name="PhysicsP3" type="RigidBody3D" parent="."]
unique_name_in_owner = true
transform = Transform3D(-0.965926, 0, 0.258819, 0, 1, 0, -0.258819, 0, -0.965926, 2, 11, 1)
axis_lock_linear_x = true
axis_lock_linear_z = true
gravity_scale = 2.0
can_sleep = false
freeze = true

[node name="CollisionShape3D2" type="CollisionShape3D" parent="PhysicsP3"]
transform = Transform3D(1, 0, 0, 0, 1, 0, 0, 0, 1, 0, 1.73626, 0)
shape = SubResource("CapsuleShape3D_ng2wx")

[node name="Player3Info" type="Sprite3D" parent="PhysicsP3"]
transform = Transform3D(-0.965926, 0, -0.258819, 0, 1, 0, 0.258819, 0, -0.965926, 0, 3, 0)
billboard = 1
texture = SubResource("ViewportTexture_ng2wx")

[node name="SubViewport" type="SubViewport" parent="PhysicsP3/Player3Info"]
transparent_bg = true
size = Vector2i(500, 500)

[node name="PlayerNum" type="RichTextLabel" parent="PhysicsP3/Player3Info/SubViewport"]
anchors_preset = 5
anchor_left = 0.5
anchor_right = 0.5
offset_left = -113.58
offset_right = -41.86
offset_bottom = 40.0
grow_horizontal = 2
scale = Vector2(3.13, 3.13)
text = "Player 3"
horizontal_alignment = 1

[node name="ReadyP3" type="RichTextLabel" parent="PhysicsP3/Player3Info/SubViewport"]
unique_name_in_owner = true
anchors_preset = 5
anchor_left = 0.5
anchor_right = 0.5
offset_left = -132.227
offset_top = 130.595
offset_right = -41.882
offset_bottom = 170.595
grow_horizontal = 2
scale = Vector2(3.13, 3.13)
text = "Not Ready"
horizontal_alignment = 1

[node name="blockbench_export" parent="PhysicsP3" instance=ExtResource("4_mj7ku")]

[node name="PhysicsP4" type="RigidBody3D" parent="."]
unique_name_in_owner = true
transform = Transform3D(-0.707107, 0, 0.707107, 0, 1, 0, -0.707107, 0, -0.707107, 5, 11, 2)
axis_lock_linear_x = true
axis_lock_linear_z = true
gravity_scale = 2.0
can_sleep = false
freeze = true

[node name="Player4Info" type="Sprite3D" parent="PhysicsP4"]
transform = Transform3D(-0.707107, 0, -0.707107, 0, 1, 0, 0.707107, 0, -0.707107, 0, 3, 0)
billboard = 1
texture = SubResource("ViewportTexture_5xsys")

[node name="SubViewport" type="SubViewport" parent="PhysicsP4/Player4Info"]
transparent_bg = true
size = Vector2i(500, 500)

[node name="PlayerNum" type="RichTextLabel" parent="PhysicsP4/Player4Info/SubViewport"]
anchors_preset = 5
anchor_left = 0.5
anchor_right = 0.5
offset_left = -113.58
offset_right = -41.86
offset_bottom = 40.0
grow_horizontal = 2
scale = Vector2(3.13, 3.13)
text = "Player 4"
horizontal_alignment = 1

[node name="ReadyP4" type="RichTextLabel" parent="PhysicsP4/Player4Info/SubViewport"]
unique_name_in_owner = true
anchors_preset = 5
anchor_left = 0.5
anchor_right = 0.5
offset_left = -132.227
offset_top = 130.595
offset_right = -41.882
offset_bottom = 170.595
grow_horizontal = 2
scale = Vector2(3.13, 3.13)
text = "Not Ready"
horizontal_alignment = 1

[node name="CollisionShape3D3" type="CollisionShape3D" parent="PhysicsP4"]
transform = Transform3D(1, 0, 0, 0, 1, 0, 0, 0, 1, 0.000118256, 1.75029, 0.000126123)
shape = SubResource("CapsuleShape3D_ng2wx")

[node name="blockbench_export" parent="PhysicsP4" instance=ExtResource("5_r7t2y")]

[node name="PlayerDropInManager" type="Node" parent="."]
script = ExtResource("3_ng2wx")

[node name="GnomeLaugh" type="AudioStreamPlayer" parent="PlayerDropInManager"]
stream = SubResource("AudioStreamRandomizer_revcj")

[node name="Camera3D" type="Camera3D" parent="."]
transform = Transform3D(1, 0, 0, 0, 1, 0, 0, 0, 1, 0, 3, 8)

[node name="floorPlane" parent="." instance=ExtResource("10_vwqo6")]
transform = Transform3D(7.13336, 0, 0, 0, 1, 0, 0, 0, 7.13336, 0, 0, -238.651)

[node name="StaticBody3D" type="StaticBody3D" parent="floorPlane"]
transform = Transform3D(1, 0, 0, 0, 1, 0, 0, 0, 1, 0, -1.43295, 27.9708)

[node name="CollisionShape3D" type="CollisionShape3D" parent="floorPlane/StaticBody3D"]
transform = Transform3D(1, 0, 0, 0, 1, 0, 0, 0, 1, 0.0689697, 0, -18.2748)
shape = SubResource("BoxShape3D_xsajp")

[node name="LobbyHud" type="CanvasLayer" parent="."]

[node name="Label" type="Label" parent="LobbyHud"]
anchors_preset = 12
anchor_top = 1.0
anchor_right = 1.0
anchor_bottom = 1.0
offset_top = -75.0
grow_horizontal = 2
grow_vertical = 0
text = "'S' To Join

'A' To Ready

'B' To Unready

'Y' To Leave"
horizontal_alignment = 1
metadata/_edit_use_anchors_ = true

[node name="AButton" type="TextureRect" parent="LobbyHud"]
anchors_preset = 7
anchor_left = 0.5
anchor_top = 1.0
anchor_right = 0.5
anchor_bottom = 1.0
offset_left = -50.0
offset_top = -129.0
offset_right = 94.0
offset_bottom = 31.0
grow_horizontal = 2
grow_vertical = 0
scale = Vector2(0.16, 0.16)
texture = SubResource("AtlasTexture_xsajp")

[node name="BButton" type="TextureRect" parent="LobbyHud"]
anchors_preset = 7
anchor_left = 0.5
anchor_top = 1.0
anchor_right = 0.5
anchor_bottom = 1.0
offset_left = -57.0
offset_top = -75.0
offset_right = 87.0
offset_bottom = 85.0
grow_horizontal = 2
grow_vertical = 0
scale = Vector2(0.16, 0.16)
texture = SubResource("AtlasTexture_n1qbv")

[node name="StartButton" type="TextureRect" parent="LobbyHud"]
anchors_preset = 7
anchor_left = 0.5
anchor_top = 1.0
anchor_right = 0.5
anchor_bottom = 1.0
offset_left = -41.0
offset_top = -179.0
offset_right = 103.0
offset_bottom = -19.0
grow_horizontal = 2
grow_vertical = 0
scale = Vector2(0.16, 0.16)
texture = SubResource("AtlasTexture_revcj")

[node name="SSButton" type="TextureRect" parent="LobbyHud"]
anchors_preset = 7
anchor_left = 0.5
anchor_top = 1.0
anchor_right = 0.5
anchor_bottom = 1.0
offset_left = -49.0
offset_top = -24.0
offset_right = 95.0
offset_bottom = 136.0
grow_horizontal = 2
grow_vertical = 0
scale = Vector2(0.16, 0.16)
texture = SubResource("AtlasTexture_vwqo6")

[node name="Label2" type="Label" parent="LobbyHud"]
anchors_preset = 5
anchor_left = 0.5
anchor_right = 0.5
offset_left = -20.0
offset_right = 20.0
offset_bottom = 23.0
grow_horizontal = 2
text = "This Game Is Designed To Be Played With a Controller"
horizontal_alignment = 1
vertical_alignment = 1

[node name="Controller" type="TextureRect" parent="LobbyHud"]
anchors_preset = 5
anchor_left = 0.5
anchor_right = 0.5
offset_left = -38.0
offset_top = 25.0
offset_right = 114.0
offset_bottom = 145.0
grow_horizontal = 2
scale = Vector2(0.4, 0.4)
texture = SubResource("AtlasTexture_s6qpm")

[node name="Props" type="Node3D" parent="."]
transform = Transform3D(1.89007, 0, -0.653941, 0, 2, 0, 0.653941, 0, 1.89007, 4.75183, -0.932949, -14.0982)

[node name="house2" parent="Props" instance=ExtResource("12_uxs3u")]

[node name="tree2" parent="Props" instance=ExtResource("13_u3wy4")]
transform = Transform3D(0.895269, 0, 0.445526, 0, 1, 0, -0.445526, 0, 0.895269, 4.05919, 0.15, 3.98116)

[node name="tree_large2" parent="Props" instance=ExtResource("14_4s8ni")]
transform = Transform3D(0.895269, 0, 0.445526, 0, 1, 0, -0.445526, 0, 0.895269, -3.71265, 0.15, 3.90384)

[node name="mailbox2" parent="Props" instance=ExtResource("15_mv1j4")]
transform = Transform3D(0.995697, 0, -0.092666, 0, 1, 0, 0.092666, 0, 0.995697, 2.30149, -1.19209e-07, 3.09345)

[node name="doormat2" parent="Props" instance=ExtResource("16_afpqi")]
transform = Transform3D(1, 0, 0.000418901, 0, 1, 0, -0.000418901, 0, 1, -0.100274, 4.76837e-07, 4.94012)

[node name="bench_A2" parent="Props" instance=ExtResource("17_ftywk")]
transform = Transform3D(0.553784, 0, 0.83266, 0, 1, 0, -0.83266, 0, 0.553784, -6.50376, 0, 7.772)

[node name="cobblestones2" parent="Props" instance=ExtResource("18_mv1j4")]
transform = Transform3D(0.895269, 0, 0.445526, 0, 1, 0, -0.445526, 0, 0.895269, -2.61614, 0.0507372, 5.38826)

[node name="cobblestones3" parent="Props" instance=ExtResource("18_mv1j4")]
transform = Transform3D(-0.443744, 0, 0.896154, 0, 1, 0, -0.896154, 0, -0.443744, -3.93746, 0.0507372, 6.77692)

[node name="foliage_A2" parent="Props" instance=ExtResource("19_afpqi")]
transform = Transform3D(0.895269, 0, 0.445526, 0, 1, 0, -0.445526, 0, 0.895269, 1.99646, 0.0325732, 4.86308)

[node name="foliage_B2" parent="Props" instance=ExtResource("20_ftywk")]
transform = Transform3D(0.895269, 0, 0.445526, 0, 1, 0, -0.445526, 0, 0.895269, -1.99327, 0.032573, 4.01515)

[node name="foliage_B3" parent="Props" instance=ExtResource("20_ftywk")]
transform = Transform3D(-0.105153, 0, -0.994456, 0, 1, 0, 0.994456, 0, -0.105153, -4.99001, 0.032573, 6.15212)

[node name="boots2" parent="Props" instance=ExtResource("21_afpqi")]
transform = Transform3D(0.476545, 0, 0.87915, 0, 1, 0, -0.87915, 0, 0.476545, -7.36463, -2.38419e-07, 9.20337)
